This file contains the Van-Deemter-parameters for a specific separation condition.
carrier_gas=Air
dp=0.00019999999999999998
lambda=2.0
df=9.999999999999999e-06
Dgas=5.9206304314802275e-06
Dliq=1.0908946619022326e-10
